101 102 
101 201 
102 103 
102 202 
103 104 
103 203 
104 105 
104 204 
105 205 
201 202 
201 301 
202 203 
202 302 
203 204 
203 303 
204 205 
204 304 
205 305 
301 302 
301 401 
302 303 
302 402 
303 304 
303 403 
304 305 
304 404 
305 405 
401 402 
401 501 
402 403 
402 502 
403 404 
403 503 
404 405 
404 504 
405 505 
501 502 
501 601 
502 503 
502 602 
503 504 
503 603 
504 505 
504 604 
505 605 
601 602 
601 701 
602 603 
602 702 
603 604 
603 703 
604 605 
604 704 
605 705 
701 702 
702 703 
703 704 
704 705 
